34 40
1947 314 57 22 102 4115 289 998 5146 360 657 775 397 188 219 5544 7177 1796 5934 205 3223 677 250 1014 3349 135 7396 2945 154 127 4853 2839 1630 2925 8836 15 5609 3039 4615 1636
207 3273 34 1707 174 521 170 4812 428 708 2567 850 1851 9014 16 2186 3686 4106 426 4534 1712 2242 32 6070 350 1118 6048 4707 8041 7383 473 3808 9458 22 2236 3450 7008 943 5395 634
1774 319 939 270 43 7286 1081 1262 3273 408 1332 1564 3831 146 786 3549 31 5723 3208 82 3367 1722 9297 608 3431 9547 9743 7827 888 1 6073 130 1169 299 390 7383 21 5087 120 4303
3304 1090 86 978 149 4932 37 1504 220 207 1242 3894 6669 1783 2508 1931 8928 199 1582 5177 297 1816 3510 1161 3665 9529 1487 669 4197 249 7930 2861 2850 7886 272 5027 1572 71 3452 5887
9900 139 20 5128 107 889 2058 9 476 671 9197 2641 1597 366 1714 6373 3386 1513 7904 4245 9 518 4254 1767 2091 1453 4801 1344 7941 1147 5068 8511 4029 7043 7097 1838 6672 3533 6306 1233
1796 562 37 256 103 4516 2251 525 248 3440 2126 1787 6 1435 5143 5893 8397 3674 3130 1567 4905 7162 32 8004 8472 3487 5059 5612 1896 2526 2430 2125 2401 2232 7550 9070 363 7548 249 7907
8 412 941 781 5197 1583 2862 2120 1087 182 1205 7500 36 3707 892 3674 1220 4571 6893 152 1891 470 1410 2396 5795 1216 6037 1384 3219 9591 4531 8572 7146 7090 670 6026 6116 6878 2084 7698
5680 299 145 430 445 286 120 8491 7682 679 349 7773 166 3917 375 5480 3179 1611 5665 938 5086 2549 842 2951 9357 7550 3780 8226 3787 4414 3667 533 7916 1052 3049 6456 9202 9254 5836 2839
2584 2872 216 172 401 9 6325 1395 1267 2 1154 160 8318 8631 347 266 8085 2819 7936 166 6609 2544 7183 6391 931 7697 5634 7644 8987 1598 6766 4321 784 9882 9593 3901 1493 7643 6809 1959
2171 4757 16 317 3204 607 2034 4097 976 6653 2665 2254 1164 2261 1755 110 2701 2106 4414 9998 1338 60 2163 4751 1502 9516 67 3146 4817 5943 2 1607 5053 2966 5562 342 1289 7286 1652 479
34 2284 358 2031 231 1106 8837 483 1213 228 8113 8786 39 712 5291 1210 3248 2736 997 1046 1190 2842 8908 2068 1987 2329 4278 7475 7482 1762 571 3629 8682 6979 8918 6140 265 4964 2223 9963
511 138 1085 337 2209 5197 784 2914 1117 8144 424 1295 905 61 38 4518 4537 519 550 1859 3071 4808 984 1478 4787 78 9649 7693 9113 9843 1039 3657 4884 2786 3195 5922 1694 9682 6720 864
259 1792 1937 71 2151 40 1096 3795 1688 2132 818 370 2387 2532 612 8028 1801 15 1904 1181 9711 1398 8396 2246 5555 2927 6997 6649 7280 5725 899 7485 6264 7069 2287 8888 8301 8857 6451 6703
64 1236 606 1864 650 5617 623 7843 9627 3411 3124 7084 8451 2439 9620 258 4636 7730 5153 76 5686 5937 6862 3447 5371 9865 8878 2531 4812 9777 9989 6152 631 6930 5533 3706 3572 1420 7744 3913
5060 2079 1429 1787 6859 1043 372 448 2888 8438 7878 86 1231 515 4809 919 4448 9399 6446 2576 9198 212 3360 6398 8310 2936 3562 1907 1855 2791 5401 2548 8134 5040 3698 5030 4505 5988 1278 9102
58 51 4055 16 129 9252 5187 521 5695 3516 2496 2352 731 6033 7066 429 401 143 967 6468 2778 7863 3231 1312 1849 3570 1122 723 6492 8439 5412 1420 9875 538 1274 2571 7208 3538 5315 704
4147 415 9503 995 2717 1193 3164 3211 9137 8712 3447 2016 290 6343 128 7355 2736 1482 3236 4932 739 821 1011 1251 8792 6764 2652 290 9763 7621 6908 916 3829 9401 3845 1901 6178 6925 1328 8175
23 3770 2474 3843 5439 7037 7901 9296 6260 4283 1845 7437 1948 7172 2501 7798 4643 3798 2134 2146 7075 1314 3383 4396 3453 4347 2039 88 218 9600 5544 920 3494 2300 8785 2559 6813 1275 2451 9161
2584 771 200 2054 1496 5343 5980 1894 9479 293 809 8488 945 1402 3969 3923 1840 5128 2145 3379 1500 2033 1225 6462 130 8131 6792 1472 6028 2379 9111 9050 3081 3618 163 959 1376 9330 5441 9230
7594 2711 2003 72 8679 9023 7488 1434 551 1545 2248 1728 6572 6433 1914 198 9290 5009 6776 4856 2404 9012 2008 7080 7648 6380 9502 4313 1560 9312 1363 7053 9959 8857 3615 8492 7876 4949 1640 6079
18 1310 6110 8648 1321 5856 449 9856 3068 731 2927 25 1126 487 3456 1670 4576 8 708 1515 1819 726 3021 472 7315 8658 3115 3481 8274 9238 5833 925 9025 8092 7951 5811 7387 8431 7235 3956
1404 3319 230 2692 538 3719 1948 2159 8060 8163 3513 9111 3399 3773 1295 107 5387 4207 3182 3493 2341 625 5401 6195 8228 9380 2012 6992 91 6077 5506 7378 3159 582 2480 208 7224 362 273 8125
98 1262 81 3120 4878 7861 2267 4852 5840 664 4014 227 7329 300 2450 1647 8583 9673 4112 8007 4662 5603 8579 364 3322 7285 1694 2326 3545 7245 8918 9767 6521 2362 1874 849 9437 4980 7941 9341
3540 4398 2071 6868 6755 525 2267 485 1319 31 8104 8421 3540 1943 1299 4621 9197 7851 9096 3523 9842 432 1007 8641 1127 6859 5138 296 1329 2027 9085 5281 4033 1827 9701 9516 127 1227 3556 5363
195 94 2010 5827 1309 932 7823 8147 5280 1938 6483 6049 1303 9622 8831 2637 2459 4739 3140 8310 7630 1300 9965 9668 1450 92 1520 8235 4992 8111 6063 2918 1445 1946 3387 2783 7517 6068 8419 975
691 462 6417 4503 159 9037 317 9704 995 3866 7441 6989 3582 5808 1611 3661 9989 4007 8750 9013 9116 6440 5743 468 9604 3119 2108 8755 9193 2768 5090 3687 6404 9532 4803 3322 9274 8841 8454 904
250 7003 3991 6100 8875 1581 4697 2805 7256 6552 9259 5283 537 7823 2736 7824 2301 7256 7195 5764 6609 4710 2511 9330 779 7113 5055 4300 9094 3653 6297 5856 6563 9207 1802 7522 4926 6731 9942 9461
6166 2070 4461 7658 3197 2278 7677 9085 1503 6357 4376 318 1171 6774 577 5389 246 6567 681 1297 2369 1064 6971 8387 3936 6524 5 8298 1862 8648 9957 4393 9375 139 5826 5390 5273 3153 3733 9091
9528 107 2210 1330 416 5156 5822 4199 2569 4646 2915 9670 5418 1132 5402 9803 5676 3159 1909 5989 1768 9677 1790 4478 6698 2680 2456 4607 9055 6019 8715 835 6464 5449 4558 2958 808 6043 9811 5639
2467 7091 5871 4425 5692 3982 4120 5343 5502 6642 3698 6808 868 7204 9002 5818 3155 602 169 107 5841 3519 2091 6019 892 8112 9067 5231 3349 2294 8014 7779 8972 5166 2157 3789 6540 4550 5063 2109
1248 6316 1234 3570 418 5352 9586 3622 7009 3109 9686 8551 2432 3144 4041 5139 9326 3868 5425 2311 9514 3891 1941 9736 9469 6618 1739 2525 2940 1092 1689 4932 6675 3214 1417 7763 2690 5547 7473 1323
2266 2621 1709 1612 8427 9800 1608 2615 2528 9218 4167 8820 9256 877 3008 545 1895 2946 8978 3652 4620 3889 6223 6389 1899 2636 5700 9796 9427 159 4482 959 738 3375 6317 8211 2429 6949 6200 77
7265 4581 8323 3118 4839 9612 7753 1500 1993 3226 3051 620 960 9826 1010 9088 6636 6889 3136 4698 4182 546 5620 8403 8441 327 402 363 1685 3341 6390 841 502 8612 9435 4014 8114 8613 8912 4666
5760 542 6997 3397 2631 2071 4978 3083 3828 1823 7617 3736 3615 7957 5510 4513 8177 6482 9294 3246 3069 942 7326 4911 4282 4245 9299 1772 6375 9932 150 3410 3824 1545 792 4241 1246 9098 24 5149
